10

01 01 2007
10 02 2007

09 06 2007
28 02 1871

12 11 2007
01 01 1984

28 02 2005
29 02 2004

22 12 2021
02 12 2000

01 01 3000
28 02 1871

12 11 3100
01 01 3000

01 03 2005
29 02 2004

10 02 2007
10 02 2007

28 02 1796
28 02 1709

4

01 01 2007
10 02 2200

09 06 2007
28 02 1871

12 11 2007
01 01 1984

21 02 2006
20 02 2005

2

01 01 2001
01 01 2000

28 02 1796
28 02 1709


16
8
1 5 8 9 10 17 17 20
8
3 5 8 9 10 17 17 20
8
1 5 8 9 10 17 17 20
8
3 5 8 9 10 17 17 20
2
1 5
8
3 5 8 9 10 17 17 20
2
1 5
8
3 5 8 9 10 17 17 20
8
1 5 8 9 10 17 17 20
8
3 5 8 9 10 17 17 20
8
1 5 8 9 10 17 17 20
8
3 5 8 9 10 17 17 20
2
1 5
8
3 5 8 9 10 17 17 20
2
1 5
8
3 5 8 9 10 17 17 20

# def rod(input, n):
#     val = []
#     if n in val: return val[n]
#     for i in range(n + 1):
#         val.append(0)
#     for i in range(1, n + 1):
#         result = 0
#         for k in range(i):
#             result = max(result, input[k] + val[i - k - 1])
#             val[i] = result
#     print(val)
#     return val[n]